r = 9.625;
d = 46.618;

theta = atand(9.625/46.618)



sizeChip = 1.2

widthBeam = 